   2.75      1    5.4257813970E-03    6.5200709628E-03    1.0417083466E-01         19.111      1      1      1      1      1          1
   2.75      2    4.9825938607E-03    6.9278724370E-03    9.9825786856E-02         26.426      1      1      1      1      1          2
   2.75      3    4.0591209612E-03    6.4009968222E-03    9.0101287019E-02         26.264      1      1      1      1      1          3
   2.75      4    3.0847462931E-03    5.7137717457E-03    7.8546117575E-02         26.506      1      1      1      1      1          4
   2.75      5    2.4258841477E-03    4.2627570586E-03    6.9654635851E-02         26.133      1      1      1      1      1          5
   2.75      6    1.8268272039E-03    3.7659293331E-03    6.0445466395E-02         26.375      1      1      1      1      1          6
   2.75      7    1.5558218528E-03    3.1275020771E-03    5.5782109188E-02         26.281      1      1      1      1      1          7
   3.05      1    2.2191657064E-03    4.5046133002E-03    6.6620803153E-02         21.023      1      2      1      1      1          8
   3.05      2    1.2102174507E-03    1.7356282021E-03    4.9197915621E-02         26.550      1      2      1      1      1          9
   3.05      3    1.0050138001E-03    1.5820482820E-03    4.4833331354E-02         26.301      1      2      1      1      1         10
   3.05      4    8.5643022571E-04    1.3756819445E-03    4.1386718297E-02         26.311      1      2      1      1      1         11
   3.05      5    7.1492312769E-04    1.2401200955E-03    3.7813307914E-02         26.573      1      2      1      1      1         12
   3.05      6    6.4793236996E-04    1.1030243388E-03    3.5998121339E-02         26.923      1      2      1      1      1         13
   3.05      7    5.7931431413E-04    8.0405046869E-04    3.4038634348E-02         27.081      1      2      1      1      1         14
   3.30      1    7.8550716343E-04    1.1642194497E-03    3.9636023096E-02         21.754      1      3      1      1      1         15
   3.30      2    7.3385982417E-04    3.1523478427E-04    3.8310829387E-02         27.381      1      3      1      1      1         16
   3.30      3    6.6299361464E-04    2.6740890040E-04    3.6414107558E-02         27.400      1      3      1      1      1         17
   3.30      4    6.3609754105E-04    2.6828215418E-04    3.5667843811E-02         27.320      1      3      1      1      1         18
   3.30      5    6.2793106287E-04    2.3228433502E-04    3.5438145066E-02         26.652      1      3      1      1      1         19
   3.65      1    9.3327314442E-04    6.3251605716E-04    4.3203544864E-02         17.016      1      4      1      1      1         21
   3.65      2    7.5711088304E-04    9.8395186872E-04    3.8913002532E-02         26.526      1      4      1      1      1         22
   3.65      3    6.8463693488E-04    1.0081050327E-03    3.7003700758E-02         26.552      1      4      1      1      1         23
   3.65      4    6.0997672347E-04    9.4878045794E-04    3.4927831982E-02         26.372      1      4      1      1      1         24
   3.65      5    5.6358848839E-04    8.6223790160E-04    3.3573456432E-02         26.403      1      4      1      1      1         25
   3.65      6    5.1463908807E-04    8.1345422519E-04    3.2082365501E-02         26.516      1      4      1      1      1         26
   3.65      7    4.7389920753E-04    5.7434805309E-04    3.0786334875E-02         26.453      1      4      1      1      1         27
   3.95      1    5.7381999847E-04    7.5214621818E-04    3.3876835698E-02         19.158      1      5      1      1      1         28
   3.95      2    5.1915100752E-04    4.1245079488E-04    3.2222694100E-02         26.324      1      5      1      1      1         29
   3.95      3    4.8985490823E-04    3.9590355431E-04    3.1300316555E-02         26.519      1      5      1      1      1         30
   3.95      4    4.7461910369E-04    3.7659297008E-04    3.0809709628E-02         26.384      1      5      1      1      1         31
   3.95      5    4.6051290776E-04    3.7066503391E-04    3.0348407133E-02         26.497      1      5      1      1      1         32
   3.95      6    4.4583275168E-04    3.1013405692E-04    2.9860768633E-02         43.656      1      5      1      1      1         33
   3.95      7    4.3143287617E-04    2.1002431908E-04    2.9374576632E-02         26.454      1      5      1      1      1         34
   4.35      1    6.2163894973E-04    4.2207339977E-04    3.5260146050E-02         16.972      1      6      1      1      1         35
   4.35      2    6.1174803604E-04    2.5779197762E-04    3.4978508717E-02         26.517      1      6      1      1      1         36
   4.35      3    6.0307346443E-04    2.0427189218E-04    3.4729626097E-02         26.344      1      6      1      1      1         37
   4.35      4    5.9169488642E-04    2.0890560454E-04    3.4400432742E-02         28.098      1      6      1      1      1         38
   4.35      5    5.8200147092E-04    2.1741238834E-04    3.4117487332E-02         27.533      1      6      1      1      1         39
   4.75      1    8.5564239249E-04    7.0841801617E-04    4.1367678023E-02         15.049      1      7      1      1      1         41
   4.75      2    8.3892986930E-04    2.6215556239E-03    4.0961686227E-02         26.455      1      7      1      1      1         42
   4.75      3    7.9567166191E-04    2.3814759976E-03    3.9891644787E-02         26.537      1      7      1      1      1         43
   4.75      4    7.3988816264E-04    2.1995790190E-03    3.8467860940E-02         26.518      1      7      1      1      1         44
   4.75      5    6.8383068997E-04    1.8729288138E-03    3.6981906116E-02         26.316      1      7      1      1      1         45
   4.75      6    6.4534205746E-04    1.5089499785E-03    3.5926092397E-02         26.358      1      7      1      1      1         46
   5.20      1    8.0460796104E-04    2.0460880616E-03    4.0115033617E-02         19.119      1      8      1      1      1         48
   5.20      2    7.4374596900E-04    8.6796197579E-04    3.8568017035E-02         26.473      1      8      1      1      1         49
   5.20      3    7.2637569135E-04    7.7935769113E-04    3.8114975832E-02         26.317      1      8      1      1      1         50
   5.20      4    6.9741407836E-04    7.5287332187E-04    3.7347398259E-02         26.411      1      8      1      1      1         51
   5.20      5    6.6518694250E-04    6.8468924286E-04    3.6474290740E-02         26.522      1      8      1      1      1         52
   5.20      6    6.3839976353E-04    5.8295623242E-04    3.5732331677E-02         26.438      1      8      1      1      1         53
   5.65      1    6.6869559022E-04    8.4729715945E-04    3.6570359315E-02         19.990      1      9      1      1      1         55
   5.65      2    6.1653354358E-04    1.1261027345E-03    3.5115054993E-02         31.407      1      9      1      1      1         56
   5.65      3    5.9185129648E-04    9.7506915875E-04    3.4404979188E-02         31.275      1      9      1      1      1         57
   5.65      4    5.6006338570E-04    9.2645031506E-04    3.3468295018E-02         31.334      1      9      1      1      1         58
   5.65      5    5.3198873824E-04    7.7496770098E-04    3.2618667607E-02         31.235      1      9      1      1      1         59
   5.65      6    5.0908394409E-04    6.6069740670E-04    3.1908743131E-02         31.001      1      9      1      1      1         60
   5.65      7    4.8843569449E-04    6.2412211372E-04    3.1254941833E-02         31.419      1      9      1      1      1         61
   6.20      1    6.6703349972E-04    8.0018653602E-04    3.6524881922E-02         22.027      1     10      1      1      1         62
   6.20      2    6.4870696549E-04    3.3667714512E-04    3.6019632577E-02         31.063      1     10      1      1      1         63
   6.20      3    6.3206989257E-04    3.1584566502E-04    3.5554743497E-02         31.168      1     10      1      1      1         64
   6.20      4    6.0544303709E-04    4.1199279404E-04    3.4797788352E-02         31.241      1     10      1      1      1         65
   6.20      5    5.8089379140E-04    2.7643648748E-04    3.4085005249E-02         31.418      1     10      1      1      1         66
   6.20      6    5.5748643903E-04    2.6254175037E-04    3.3391209593E-02         30.870      1     10      1      1      1         67
   6.20      7    5.4532634067E-04    1.9988751869E-04    3.3025031133E-02         31.239      1     10      1      1      1         68
   6.80      1    7.0789437951E-04    9.0254581116E-04    3.7626968507E-02         22.936      1     11      1      1      1         69
   6.80      2    6.8546879238E-04    4.1820734041E-04    3.7026174320E-02         35.837      1     11      1      1      1         70
   6.80      3    6.7458112185E-04    3.5322084785E-04    3.6730943953E-02         36.057      1     11      1      1      1         71
   6.80      4    6.6829038815E-04    3.8734012407E-04    3.6559277568E-02         36.106      1     11      1      1      1         72
   6.80      5    6.5772903823E-04    3.3702602587E-04    3.6269244222E-02         36.107      1     11      1      1      1         73
   6.80      6    6.5238278658E-04    3.2446721532E-04    3.6121538909E-02         36.072      1     11      1      1      1         74
   6.80      7    6.4126852281E-04    2.7792581546E-04    3.5812526379E-02         36.439      1     11      1      1      1         75
   7.40      1    7.4556502603E-04    1.0536340780E-03    3.8615153141E-02         26.475      1     12      1      1      1         76
   7.40      2    6.9994200520E-04    6.9614958256E-04    3.7415023859E-02         42.091      1     12      1      1      1         77
   7.40      3    6.9146263862E-04    6.2129073177E-04    3.7187703307E-02         42.549      1     12      1      1      1         78
   7.40      4    6.7667730455E-04    5.6348639910E-04    3.6787968265E-02         41.785      1     12      1      1      1         79
   7.40      5    6.6490737406E-04    5.0244747496E-04    3.6466625127E-02         69.378      1     12      1      1      1         80
   8.10      1    8.6161192178E-04    1.1212172426E-03    4.1511731397E-02         26.377      1     13      1      1      1         82
   8.10      2    8.5320570910E-04    7.3171427242E-04    4.1308732953E-02         42.298      1     13      1      1      1         83
   8.10      3    8.2812314417E-04    6.7675474920E-04    4.0697005889E-02         42.317      1     13      1      1      1         84
   8.10      4    8.1414782068E-04    5.6506326390E-04    4.0352145437E-02         42.245      1     13      1      1      1         85
   8.10      5    7.7352155709E-04    6.1267548357E-04    3.9332468956E-02         42.343      1     13      1      1      1         86
