   3.05      1    1.7527396612E-01    1.6432524941E-02    5.9207088447E-01         14.740      1      1      1      4      1          1
   3.05      2    5.7832476287E-02    3.4970060092E-03    3.4009550508E-01         26.224      1      1      1      4      1          2
   3.05      3    4.4874370928E-02    3.2773049916E-03    2.9958094375E-01         26.067      1      1      1      4      1          3
   3.05      4    4.2600119353E-02    3.1132018023E-03    2.9189079928E-01         43.372      1      1      1      4      1          4
   3.05      5    3.2746222889E-02    2.8150086359E-03    2.5591491902E-01         34.421      1      1      1      4      1          5
   3.05      6    2.9838782965E-02    2.6418112117E-03    2.4428992188E-01         25.977      1      1      1      4      1          6
   3.05      7    2.8899074367E-02    2.7925701128E-03    2.4041245545E-01         26.244      1      1      1      4      1          7
   3.05      1    2.6675752528E-02    4.0615147753E-06    2.3097944726E-01         10.882      1      1      2      9      1          8
   3.05      2    2.6397159329E-02    1.4160186844E-04    2.2977014309E-01         19.559      1      1      2      9      1          9
   3.30      1    3.1136538257E-02    1.3310520596E-12    2.4954574033E-01         16.626      1      2      1      4      1         11
   3.30      2    3.0224819843E-02    2.7286689587E-12    2.4586508432E-01         26.191      1      2      1      4      1         12
   3.30      3    2.7837678537E-02    2.4986122365E-12    2.3595626093E-01         26.279      1      2      1      4      1         13
   3.30      4    2.5151686532E-02    2.3207058279E-12    2.2428413467E-01         26.014      1      2      1      4      1         14
   3.30      5    2.3917412927E-02    2.0651402799E-12    2.1871174146E-01         26.056      1      2      1      4      1         15
   3.30      6    2.1385142936E-02    1.8578803019E-12    2.0680978186E-01         25.999      1      2      1      4      1         16
   3.30      7    1.9973054405E-02    1.0859040242E-12    1.9986522662E-01         26.104      1      2      1      4      1         17
   3.30      1    1.8639794676E-02    4.5518019266E+10    1.9307923076E-01         40.127      1      2      2      9      1         18
   3.65      1    2.6634087401E-02    1.6715469128E-12    2.3079899220E-01         18.588      1      3      1      4      1         20
   3.65      2    2.3036916039E-02    6.5754006649E-13    2.1464815880E-01         25.985      1      3      1      4      1         21
   3.65      3    2.1322687939E-02    4.7712185225E-13    2.0650756857E-01         26.063      1      3      1      4      1         22
   3.65      4    1.9694297254E-02    4.7116196721E-13    1.9846560032E-01         43.384      1      3      1      4      1         23
   3.65      5    1.9081498619E-02    1.1538435291E-12    1.9535351862E-01         24.582      1      3      1      4      1         24
   3.65      6    1.8434843270E-02    4.2742143294E-13    1.9201480812E-01         24.586      1      3      1      4      1         25
   3.65      7    1.7915777700E-02    2.3889587239E-13    1.8929224865E-01         24.482      1      3      1      4      1         26
   3.65      1    1.7694210818E-02    3.4442870554E+09    1.8811810555E-01         11.975      1      3      2      9      1         27
   3.65      2    1.7607399166E-02    5.8355915335E+09    1.8765606394E-01         50.555      1      3      2      9      1         28
   3.95      1    2.4781608769E-02    1.3973175081E-12    2.2262798013E-01         15.795      1      4      1      4      1         30
   3.95      2    2.4183854509E-02    1.9477739847E-12    2.1992659916E-01         24.593      1      4      1      4      1         31
   3.95      3    2.2306400965E-02    1.4817900042E-12    2.1121742809E-01         24.592      1      4      1      4      1         32
   3.95      4    2.0803130938E-02    1.1816262363E-12    2.0397613065E-01         24.599      1      4      1      4      1         33
   3.95      5    1.9862110595E-02    1.1881991737E-12    1.9930936052E-01         40.480      1      4      1      4      1         34
   3.95      6    1.9199037682E-02    1.0521234105E-12    1.9595426855E-01         24.675      1      4      1      4      1         35
   3.95      7    1.9053772607E-02    3.0234830754E-13    1.9521153965E-01         24.517      1      4      1      4      1         36
   3.95      1    1.8498154644E-02    1.1024338427E+11    1.9234424683E-01         19.496      1      4      2      9      1         37
   3.95      2    1.8492984888E-02    2.3132363303E+11    1.9231736733E-01         59.278      1      4      2      9      1         38
   3.95      3    1.8478903942E-02    9.4007908640E+10    1.9224413615E-01         28.385      1      4      2      9      1         39
   4.35      1    2.2887866952E-02    1.0080368399E-12    2.1395264407E-01         13.893      1      5      1      4      1         41
