   3.05      1    1.7239743517E-01    4.1526967378E-02    5.8719236230E-01         11.720      1      1      1      2      1          1
   3.05      2    6.0429088395E-02    9.0371887747E-03    3.4764662632E-01         24.025      1      1      1      2      1          2
   3.05      3    4.9660422825E-02    1.5896236599E-02    3.1515209923E-01         23.891      1      1      1      2      1          3
   3.05      4    4.2647791604E-02    1.5357082322E-02    2.9205407583E-01         39.763      1      1      1      2      1          4
   3.05      5    4.1482213426E-02    1.2880293342E-02    2.8803546110E-01         31.982      1      1      1      2      1          5
   3.05      6    3.4488595481E-02    1.1875360448E-02    2.6263509088E-01         39.778      1      1      1      2      1          6
   3.05      7    2.9598604780E-02    8.6117844723E-03    2.4330476683E-01         32.011      1      1      1      2      1          7
   3.30      1    3.4649177088E-02    1.1375535223E-02    2.6324580562E-01         13.486      1      2      1      2      1          8
   3.30      2    3.1715961705E-02    9.7404544547E-03    2.5185695029E-01         23.951      1      2      1      2      1          9
   3.30      3    3.1589151181E-02    9.5584673427E-03    2.5135294381E-01         96.469      1      2      1      2      1         10
   3.65      1    4.0385842975E-02    1.2224624116E-02    2.8420359947E-01         15.305      1      3      1      2      1         11
   3.65      2    3.6080271656E-02    3.8321210124E-03    2.6862714552E-01         23.931      1      3      1      2      1         12
   3.65      3    3.5272070081E-02    3.6956137509E-03    2.6560146867E-01         32.070      1      3      1      2      1         13
   3.95      1    4.0094910356E-02    6.1409916219E-03    2.8317807244E-01         15.201      1      4      1      2      1         15
   3.95      2    3.8299822319E-02    5.3612321700E-03    2.7676640807E-01         39.893      1      4      1      2      1         16
   3.95      3    3.8281436432E-02    3.4797854493E-03    2.7669996903E-01         31.747      1      4      1      2      1         17
   4.35      1    3.7877611730E-02    4.9879794647E-03    2.7523666809E-01         20.766      1      5      1      2      1         19
   4.35      2    3.7847202157E-02    4.0224192064E-03    2.7512616072E-01         96.270      1      5      1      2      1         20
   4.75      1    4.3678352440E-02    4.9518454613E-03    2.9556167695E-01         13.492      1      6      1      2      1         22
   4.75      2    4.1220228564E-02    5.3160602329E-03    2.8712446278E-01         23.965      1      6      1      2      1         23
   4.75      3    3.9388137277E-02    4.9801911346E-03    2.8067111457E-01         31.945      1      6      1      2      1         24
   4.75      4    3.8609260094E-02    4.5714604745E-03    2.7788220560E-01         23.955      1      6      1      2      1         25
   5.20      1    4.3053743488E-02    6.3752239604E-03    2.9344077252E-01         15.413      1      7      1      2      1         27
   5.20      2    4.1765417854E-02    6.6898346556E-03    2.8901701629E-01         23.941      1      7      1      2      1         28
   5.20      3    4.1174805535E-02    6.5465649619E-03    2.8696621939E-01         24.044      1      7      1      2      1         29
   5.65      1    3.8722417825E-02    5.4565428660E-03    2.7828912241E-01         15.603      1      8      1      2      1         31
   5.65      2    3.8561843210E-02    1.1517926736E-02    2.7771151654E-01         28.243      1      8      1      2      1         32
   5.65      3    3.4408128553E-02    1.1024378627E-02    2.6232852896E-01         28.145      1      8      1      2      1         33
   5.65      4    3.3042537432E-02    1.0040631862E-02    2.5707017498E-01         37.424      1      8      1      2      1         34
   5.65      5    3.2854396168E-02    8.5003164805E-03    2.5633726287E-01         28.037      1      8      1      2      1         35
   5.65      6    3.2561849263E-02    7.0711158311E-03    2.5519345314E-01         28.244      1      8      1      2      1         36
   6.20      1    3.8744062789E-02    8.4606682288E-03    2.7836689023E-01         19.762      1      9      1      2      1         38
   6.20      2    3.7698436085E-02    2.8170249590E-03    2.7458490885E-01         28.237      1      9      1      2      1         39
   6.20      3    3.6722793422E-02    3.2048096744E-03    2.7100846268E-01         28.033      1      9      1      2      1         40
   6.20      4    3.5618105415E-02    3.1424441758E-03    2.6690112557E-01         27.940      1      9      1      2      1         41
   6.20      5    3.4621299974E-02    2.7345950847E-03    2.6313988665E-01         37.271      1      9      1      2      1         42
   6.20      6    3.4420653689E-02    2.5247122468E-03    2.6237627061E-01         46.910      1      9      1      2      1         43
   6.80      1    3.5705821464E-02    6.0133800164E-03    2.6722956971E-01         18.369      1     10      1      2      1         45
   6.80      2    3.5202839687E-02    9.8293124648E-03    2.6534068549E-01         33.268      1     10      1      2      1         46
   6.80      3    3.4619165161E-02    7.3967362470E-03    2.6313177368E-01         33.180      1     10      1      2      1         47
   6.80      4    3.4251935068E-02    6.4004402247E-03    2.6173243998E-01         33.128      1     10      1      2      1         48
   6.80      5    3.4031270696E-02    5.6211806743E-03    2.6088798629E-01         33.211      1     10      1      2      1         49
   6.80      6    3.3993619888E-02    3.3361598423E-03    2.6074362845E-01         33.287      1     10      1      2      1         50
   7.40      1    3.3385388361E-02    6.0757847841E-03    2.5840041935E-01         23.491      1     11      1      2      1         52
   7.40      2    3.2782905561E-02    5.6218961970E-03    2.5605821823E-01         37.411      1     11      1      2      1         53
   7.40      3    3.1630676846E-02    4.1421040279E-03    2.5151809814E-01         37.179      1     11      1      2      1         54
   7.40      4    3.0926417049E-02    3.3438995951E-03    2.4870230015E-01         37.286      1     11      1      2      1         55
   7.40      5    3.0559919620E-02    3.3217951658E-03    2.4722426911E-01         37.558      1     11      1      2      1         56
   7.40      6    3.0404953748E-02    3.2405571273E-03    2.4659664940E-01         62.290      1     11      1      2      1         57
   7.40      7    3.0265437046E-02    1.9388335746E-03    2.4603023004E-01         37.487      1     11      1      2      1         58
   8.10      1    3.4364621369E-02    5.0461236448E-03    2.6216262651E-01         23.519      1     12      1      2      1         59
   8.10      2    3.3703835822E-02    2.9037164937E-03    2.5962987433E-01         37.899      1     12      1      2      1         60
   8.10      3    3.3587213951E-02    2.5206361153E-03    2.5918029999E-01         37.542      1     12      1      2      1         61
   8.10      4    3.3515106473E-02    2.4793679202E-03    2.5890193693E-01         62.271      1     12      1      2      1         62
   8.85      1    3.2973957176E-02    4.8438536764E-03    2.5680326001E-01         26.732      1     13      1      2      1         64
   8.85      2    3.2187325775E-02    2.8125708291E-03    2.5372160245E-01         42.342      1     13      1      2      1         65
   8.85      3    3.1578843474E-02    1.9916442077E-03    2.5131193157E-01         42.439      1     13      1      2      1         66
   8.85      4    3.0820927516E-02    1.6798212073E-03    2.4827777797E-01         42.332      1     13      1      2      1         67
   8.85      5    3.0316366556E-02    1.6757804247E-03    2.4623714811E-01         42.366      1     13      1      2      1         68
   8.85      6    2.9847331567E-02    1.4547350922E-03    2.4432491304E-01         42.331      1     13      1      2      1         69
   8.85      7    2.9484981816E-02    1.2576307481E-03    2.4283731927E-01         42.394      1     13      1      2      1         70
   9.00      1    3.0040274426E-02    3.3362432335E-03    2.4511333879E-01         23.568      1     14      1      2      1         71
   9.00      2    2.9464082526E-02    4.4711210296E-03    2.4275124109E-01         42.463      1     14      1      2      1         72
   9.00      3    2.9088136524E-02    3.3311384153E-03    2.4119758093E-01         42.325      1     14      1      2      1         73
   9.00      4    2.8723675571E-02    2.6881650211E-03    2.3968177056E-01         42.566      1     14      1      2      1         74
