   3.05      1    1.6183152449E-01    3.4098441740E-02    5.6891392053E-01          9.715      1      1      1      3      1          1
   3.05      2    5.7790186840E-02    1.0960627249E-02    3.3997113654E-01         23.684      1      1      1      3      1          2
   3.05      3    3.9585359486E-02    9.7631208297E-03    2.8137291798E-01         23.806      1      1      1      3      1          3
   3.05      4    3.3409548070E-02    9.0338505453E-03    2.5849389962E-01         23.662      1      1      1      3      1          4
   3.05      5    2.9411297101E-02    7.1212238371E-03    2.4253369704E-01         23.558      1      1      1      3      1          5
   3.05      6    2.5652767912E-02    6.3023807262E-03    2.2650725336E-01         23.600      1      1      1      3      1          6
   3.05      7    2.2050519642E-02    4.6691941078E-03    2.1000247447E-01         23.287      1      1      1      3      1          7
   3.30      1    2.2050408995E-02    6.5111058670E-03    2.1000194759E-01         11.536      1      2      1      3      1          8
   3.30      2    1.9868861723E-02    1.6895901383E-03    1.9934323025E-01         23.569      1      2      1      3      1          9
   3.30      3    1.7837229288E-02    1.0280296101E-03    1.8887683441E-01         23.572      1      2      1      3      1         10
   3.30      4    1.6494159150E-02    1.6345992937E-03    1.8162686558E-01         23.542      1      2      1      3      1         11
   3.30      5    1.5184613040E-02    1.5863581100E-03    1.7426768513E-01         23.575      1      2      1      3      1         12
   3.30      6    1.4792028286E-02    1.8997463740E-03    1.7200016445E-01         23.394      1      2      1      3      1         13
   3.30      7    1.4440198621E-02    1.8082472023E-03    1.6994233505E-01         23.585      1      2      1      3      1         14
   3.65      1    2.2199083195E-02    2.4253218851E-03    2.1070872405E-01          9.772      1      3      1      3      1         15
   3.65      2    2.2068170685E-02    2.5571267798E-03    2.1008650925E-01         23.484      1      3      1      3      1         16
   3.65      3    2.1045132751E-02    2.4504966652E-03    2.0515912240E-01         23.650      1      3      1      3      1         17
   3.65      4    1.8330928092E-02    1.4953920956E-03    1.9147286018E-01         23.599      1      3      1      3      1         18
   3.65      5    1.7577845008E-02    1.3426570511E-03    1.8749850670E-01         23.591      1      3      1      3      1         19
   3.65      6    1.7223240772E-02    1.2018319017E-03    1.8559763346E-01         23.418      1      3      1      3      1         20
   3.65      7    1.6978796103E-02    2.2256256536E-03    1.8427585899E-01         23.783      1      3      1      3      1         21
   3.95      1    2.2770320229E-02    3.6840562710E-03    2.1340253152E-01          9.761      1      4      1      3      1         22
   3.95      2    2.2213949125E-02    2.6686878606E-03    2.1077926428E-01         23.641      1      4      1      3      1         23
   3.95      3    2.1338645906E-02    2.3623239633E-03    2.0658482958E-01         23.539      1      4      1      3      1         24
   3.95      4    2.0563993937E-02    2.0126736633E-03    2.0280036458E-01         23.538      1      4      1      3      1         25
   3.95      5    1.9299280569E-02    1.6853981979E-03    1.9646516520E-01         23.682      1      4      1      3      1         26
   3.95      6    1.8959957919E-02    1.3234722946E-03    1.9473036702E-01         23.626      1      4      1      3      1         27
   3.95      7    1.8639944759E-02    1.7399679118E-03    1.9308000808E-01         23.656      1      4      1      3      1         28
   4.35      1    2.2674045415E-02    3.1235895470E-03    2.1295091179E-01          9.858      1      5      1      3      1         29
   4.35      2    2.2539171879E-02    2.7224878458E-03    2.1231661207E-01         23.766      1      5      1      3      1         30
   4.35      3    2.1526202914E-02    2.5677292425E-03    2.0749073673E-01         23.679      1      5      1      3      1         31
   4.35      4    2.0395484273E-02    1.9790544342E-03    2.0196774135E-01         23.750      1      5      1      3      1         32
   4.35      5    1.9542365090E-02    1.6166781666E-03    1.9769858417E-01         23.549      1      5      1      3      1         33
   4.35      6    1.9162327377E-02    1.2216664127E-03    1.9576683773E-01         23.642      1      5      1      3      1         34
   4.35      7    1.8642592068E-02    1.5120721987E-03    1.9309371853E-01         23.561      1      5      1      3      1         35
   4.75      1    2.7066500950E-02    2.5865242346E-03    2.3266499930E-01          9.775      1      6      1      3      1         36
   4.75      2    2.7008785122E-02    2.2134981233E-03    2.3241680284E-01         23.480      1      6      1      3      1         37
   4.75      3    2.6561700822E-02    2.0356775649E-03    2.3048514408E-01         23.549      1      6      1      3      1         38
   4.75      4    2.5437805541E-02    1.8247954551E-03    2.2555622599E-01         23.377      1      6      1      3      1         39
   4.75      5    2.4866871559E-02    1.4601983420E-03    2.2301063454E-01         23.597      1      6      1      3      1         40
   4.75      6    2.4367565894E-02    1.2607499223E-03    2.2076034922E-01         23.534      1      6      1      3      1         41
   4.75      7    2.4201267440E-02    7.4336824980E-04    2.2000576101E-01         23.534      1      6      1      3      1         42
   5.20      1    3.1029799426E-02    3.0130932634E-03    2.4911764059E-01          9.691      1      7      1      3      1         43
   5.20      2    3.0893788841E-02    3.2301884546E-03    2.4857107169E-01         23.522      1      7      1      3      1         44
   5.20      3    2.9391930034E-02    2.0932751199E-03    2.4245383080E-01         23.731      1      7      1      3      1         45
   5.20      4    2.9031778747E-02    1.7182256126E-03    2.4096380951E-01         23.681      1      7      1      3      1         46
   5.20      5    2.8469290246E-02    1.4974869010E-03    2.3861806405E-01         23.942      1      7      1      3      1         47
   5.20      6    2.7475820935E-02    1.1447400988E-03    2.3441766544E-01         23.724      1      7      1      3      1         48
   5.20      7    2.6961769535E-02    1.1281109589E-03    2.3221442477E-01         23.391      1      7      1      3      1         49
   5.65      1    3.0336295586E-02    2.9387131281E-03    2.4631806911E-01         11.316      1      8      1      3      1         50
   5.65      2    3.0120275634E-02    1.8042258518E-03    2.4543950633E-01         27.493      1      8      1      3      1         51
   5.65      3    2.9602010129E-02    1.3899613889E-03    2.4331876265E-01         27.701      1      8      1      3      1         52
   5.65      4    2.8869944689E-02    1.2159788422E-03    2.4029125947E-01         27.556      1      8      1      3      1         53
   5.65      5    2.8167057508E-02    1.0999689751E-03    2.3734808829E-01         27.664      1      8      1      3      1         54
   5.65      6    2.7777314310E-02    9.1314358373E-04    2.3570029406E-01         27.322      1      8      1      3      1         55
   5.65      7    2.7278179711E-02    9.8034711352E-04    2.3357302803E-01         27.601      1      8      1      3      1         56
   6.20      1    3.3128411865E-02    3.4898414522E-03    2.5740400877E-01         11.365      1      9      1      3      1         57
   6.20      2    3.2824101015E-02    3.5729447626E-03    2.5621905087E-01         27.585      1      9      1      3      1         58
   6.20      3    2.9903470683E-02    1.7993547375E-03    2.4455457748E-01         27.683      1      9      1      3      1         59
   6.20      4    2.8286941568E-02    1.5550237903E-03    2.3785265005E-01         27.472      1      9      1      3      1         60
   6.20      5    2.7910069275E-02    1.6729070713E-03    2.3626285901E-01         27.529      1      9      1      3      1         61
   6.80      1    3.1230283506E-02    2.8275275739E-03    2.4992112158E-01         13.140      1     10      1      3      1         63
   6.80      2    3.1184556045E-02    2.6017899021E-03    2.4973808699E-01         32.221      1     10      1      3      1         64
   6.80      3    3.0008876692E-02    1.5687286235E-03    2.4498521054E-01         32.111      1     10      1      3      1         65
   6.80      4    2.8834901590E-02    1.3002931726E-03    2.4014537926E-01         32.164      1     10      1      3      1         66
   6.80      5    2.8549227676E-02    1.1595517245E-03    2.3895283081E-01         32.045      1     10      1      3      1         67
   6.80      6    2.8431810766E-02    1.0507995202E-03    2.3846094341E-01         31.821      1     10      1      3      1         68
   7.40      1    3.0734176524E-02    4.2323810536E-03    2.4792812073E-01         14.989      1     11      1      3      1         69
   7.40      2    2.9738559850E-02    1.8187892837E-03    2.4387931380E-01         36.354      1     11      1      3      1         70
   7.40      3    2.8851770767E-02    1.0716794032E-03    2.4021561468E-01         36.387      1     11      1      3      1         71
   7.40      4    2.7930755870E-02    1.1075329926E-03    2.3635040034E-01         37.819      1     11      1      3      1         72
   7.40      5    2.7681269523E-02    1.7429571302E-03    2.3529245429E-01         38.239      1     11      1      3      1         73
   7.40      6    2.7263460794E-02    1.5448724216E-03    2.3351000318E-01         37.718      1     11      1      3      1         74
   7.40      7    2.6501055205E-02    9.7425265208E-04    2.3022187214E-01         37.774      1     11      1      3      1         75
   8.10      1    3.2733440612E-02    3.9169605717E-03    2.5586496678E-01         15.579      1     12      1      3      1         76
   8.10      2    3.2265136576E-02    1.8821162011E-03    2.5402809520E-01         37.706      1     12      1      3      1         77
   8.10      3    3.1928224850E-02    1.5178494712E-03    2.5269833735E-01         37.763      1     12      1      3      1         78
   8.10      4    3.1463760097E-02    1.2815684674E-03    2.5085358318E-01         38.128      1     12      1      3      1         79
   8.10      5    3.1109455006E-02    1.0800758365E-03    2.4943718651E-01         38.250      1     12      1      3      1         80
   8.10      6    3.0908203751E-02    9.2959627612E-04    2.4862905603E-01         38.107      1     12      1      3      1         81
   8.10      7    3.0743259968E-02    1.1616416030E-03    2.4796475543E-01         36.506      1     12      1      3      1         82
   8.85      1    3.3628574911E-02    4.1365524630E-03    2.5933983462E-01         16.843      1     13      1      3      1         83
   8.85      2    3.3096459473E-02    2.0699594376E-03    2.5727984559E-01         41.597      1     13      1      3      1         84
   8.85      3    3.2450583730E-02    2.0910291043E-03    2.5475707539E-01         40.983      1     13      1      3      1         85
   8.85      4    3.2015228477E-02    1.4947368839E-03    2.5304240150E-01         41.239      1     13      1      3      1         86
   8.85      5    3.1563423066E-02    1.1948134577E-03    2.5125056444E-01         41.233      1     13      1      3      1         87
   8.85      6    3.1142293664E-02    7.0774134242E-04    2.4956880279E-01         41.173      1     13      1      3      1         88
   8.85      7    3.0945137525E-02    1.0164788380E-03    2.4877756139E-01         40.959      1     13      1      3      1         89
   9.00      1    3.1469203926E-02    1.7636135792E-03    2.5087528346E-01         17.132      1     14      1      3      1         90
   9.00      2    3.1432618347E-02    3.2745915163E-03    2.5072940931E-01         41.345      1     14      1      3      1         91
   9.00      3    3.0932083931E-02    2.3081369364E-03    2.4872508491E-01         40.798      1     14      1      3      1         92
   9.00      4    3.0664844377E-02    1.5357662687E-03    2.4764831668E-01         41.454      1     14      1      3      1         93
   9.00      5    3.0356909987E-02    1.2374470944E-03    2.4640174507E-01         40.940      1     14      1      3      1         94
   9.00      6    3.0153223175E-02    9.8754931344E-04    2.4557370859E-01         41.457      1     14      1      3      1         95
   9.00      7    3.0064632621E-02    9.5510938717E-04    2.4521269388E-01         40.965      1     14      1      3      1         96
