   3.05      1    9.8279832964E-06    2.5267069908E-04    4.4335050009E-03         14.385      1      1      1     10      1          1
   3.05      2    4.6400117714E-06    8.3188885736E-05    3.0463131065E-03         42.426      1      1      1     10      1          2
   3.05      3    2.6005963372E-06    8.3921608536E-05    2.2806123464E-03         25.556      1      1      1     10      1          3
   3.05      4    2.1163577129E-06    8.0141528017E-05    2.0573564168E-03         25.561      1      1      1     10      1          4
   3.05      5    1.5447175205E-06    6.0614462715E-05    1.7576788788E-03         25.778      1      1      1     10      1          5
   3.05      6    1.1500037834E-06    4.5024801015E-05    1.5165775835E-03         25.547      1      1      1     10      1          6
   3.05      7    8.7814305964E-07    3.1917637764E-05    1.3252494555E-03         25.470      1      1      1     10      1          7
   3.05      8    7.7911999880E-07    3.4409297294E-05    1.2482948360E-03         25.578      1      1      1     10      1          8
   3.05      9    7.4486889820E-07    2.9393632473E-05    1.2205481541E-03         25.623      1      1      1     10      1          9
   3.05     10    6.3647708043E-07    2.6912310181E-05    1.1282527026E-03         25.515      1      1      1     10      1         10
   3.30      1    7.3018372852E-07    2.9326119983E-05    1.2084566426E-03         18.144      1      2      1     10      1         11
   3.30      2    6.3173967380E-07    2.6498716889E-05    1.1240459722E-03         25.540      1      2      1     10      1         12
   3.30      3    5.7546452995E-07    2.4192309126E-05    1.0728136184E-03         25.635      1      2      1     10      1         13
   3.30      4    5.3971191585E-07    2.0238897542E-05    1.0389532385E-03         25.702      1      2      1     10      1         14
   3.30      5    5.0305709484E-07    1.4496207762E-05    1.0030524362E-03         25.741      1      2      1     10      1         15
   3.30      6    4.7136946548E-07    1.2068001378E-05    9.7094743986E-04         25.562      1      2      1     10      1         16
   3.30      7    4.5891450995E-07    8.4409022599E-06    9.5803393463E-04         25.677      1      2      1     10      1         17
   3.30      8    4.5480580464E-07    5.5461576967E-06    9.5373560764E-04         25.821      1      2      1     10      1         18
   3.30      9    4.5149399215E-07    3.9812197969E-06    9.5025679913E-04         25.586      1      2      1     10      1         19
   3.30     10    4.5008911984E-07    3.6091036068E-06    9.4877723396E-04         25.626      1      2      1     10      1         20
   3.65      1    7.9641788446E-07    1.2854882982E-05    1.2620759759E-03         16.272      1      3      1     10      1         21
   3.65      2    7.0850773174E-07    1.3667965836E-05    1.1903845864E-03         25.496      1      3      1     10      1         22
   3.65      3    6.5688803578E-07    1.3492775246E-05    1.1462007117E-03         25.500      1      3      1     10      1         23
   3.65      4    6.3444699218E-07    1.3025482754E-05    1.1264519450E-03         25.554      1      3      1     10      1         24
   3.65      5    6.0433296824E-07    1.1452702452E-05    1.0993934403E-03         25.626      1      3      1     10      1         25
   3.65      6    5.6751341002E-07    1.0478871828E-05    1.0653763748E-03         25.571      1      3      1     10      1         26
   3.65      7    5.4295860062E-07    6.9821815936E-06    1.0420735105E-03         25.585      1      3      1     10      1         27
   3.65      8    5.2847362233E-07    4.1442238252E-06    1.0280793961E-03         25.587      1      3      1     10      1         28
   3.65      9    5.2007579025E-07    2.9904689420E-06    1.0198782185E-03         25.516      1      3      1     10      1         29
   3.65     10    5.1334389542E-07    2.9961802783E-06    1.0132560342E-03         25.715      1      3      1     10      1         30
   3.95      1    6.7906493835E-07    8.2507255698E-06    1.1653882944E-03         14.383      1      4      1     10      1         31
   3.95      2    6.0280782088E-07    6.8199675496E-06    1.0980053013E-03         25.520      1      4      1     10      1         32
   3.95      3    5.8377390758E-07    5.4510729055E-06    1.0805312652E-03         25.597      1      4      1     10      1         33
   3.95      4    5.6957444107E-07    4.6512884207E-06    1.0673091783E-03         25.645      1      4      1     10      1         34
   3.95      5    5.6059049138E-07    4.1572393907E-06    1.0588583393E-03         25.483      1      4      1     10      1         35
   3.95      6    5.5500348325E-07    3.8386958176E-06    1.0535686814E-03         25.492      1      4      1     10      1         36
   3.95      7    5.5171354931E-07    2.9984453360E-06    1.0504413828E-03         25.578      1      4      1     10      1         37
   3.95      8    5.4331833711E-07    2.8261899456E-06    1.0424186655E-03         25.617      1      4      1     10      1         38
   3.95      9    5.3869173925E-07    2.9133265013E-06    1.0379708467E-03         25.647      1      4      1     10      1         39
   3.95     10    5.3622008202E-07    2.4904498263E-06    1.0355868694E-03         25.869      1      4      1     10      1         40
   4.35      1    6.7549375157E-07    9.0360657576E-06    1.1623198799E-03         14.492      1      5      1     10      1         41
   4.35      2    6.1516540412E-07    1.1199365547E-05    1.1092027805E-03         25.516      1      5      1     10      1         42
   4.35      3    5.9652958322E-07    8.2695747936E-06    1.0922724781E-03         25.545      1      5      1     10      1         43
   4.35      4    5.8603278830E-07    6.3837317060E-06    1.0826197747E-03         25.533      1      5      1     10      1         44
   4.35      5    5.7636491048E-07    5.2747874400E-06    1.0736525606E-03         25.477      1      5      1     10      1         45
   4.35      6    5.6624824792E-07    4.7298855497E-06    1.0641881863E-03         25.513      1      5      1     10      1         46
   4.35      7    5.6320091954E-07    3.2304932306E-06    1.0613207993E-03         25.639      1      5      1     10      1         47
   4.35      8    5.5728067417E-07    3.3089903846E-06    1.0557278761E-03         25.613      1      5      1     10      1         48
   4.35      9    5.5300570956E-07    2.8243575174E-06    1.0516707751E-03         25.597      1      5      1     10      1         49
   4.75      1    7.9764692270E-07    1.5346771653E-05    1.2630494232E-03         16.344      1      6      1     10      1         51
   4.75      2    7.4458240291E-07    1.1401630725E-05    1.2203134048E-03         25.598      1      6      1     10      1         52
   4.75      3    7.0820222623E-07    9.1953657708E-06    1.1901279143E-03         25.538      1      6      1     10      1         53
   4.75      4    6.6730359434E-07    7.8222506265E-06    1.1552520022E-03         25.699      1      6      1     10      1         54
   4.75      5    6.3580516724E-07    1.1343625819E-05    1.1276570110E-03         25.596      1      6      1     10      1         55
   4.75      6    5.9226827897E-07    9.9040136176E-06    1.0883641661E-03         25.439      1      6      1     10      1         56
   4.75      7    5.8930203582E-07    8.2458077688E-06    1.0856353309E-03         25.598      1      6      1     10      1         57
   4.75      8    5.8691833138E-07    6.8225534935E-06    1.0834374291E-03         25.563      1      6      1     10      1         58
   4.75      9    5.8577354880E-07    5.6300616254E-06    1.0823802925E-03         25.632      1      6      1     10      1         59
   5.20      1    8.1712257290E-07    1.3533848670E-05    1.2783759798E-03         16.248      1      7      1     10      1         60
   5.20      2    7.6854948046E-07    7.0956604521E-06    1.2397979516E-03         25.582      1      7      1     10      1         61
   5.20      3    7.2050936975E-07    5.4393536662E-06    1.2004243997E-03         25.721      1      7      1     10      1         62
   5.20      4    6.8269676159E-07    4.5962224298E-06    1.1685005448E-03         25.495      1      7      1     10      1         63
   5.20      5    6.6478705918E-07    5.3411169256E-06    1.1530716016E-03         25.561      1      7      1     10      1         64
   5.20      6    6.4641390467E-07    4.1689519615E-06    1.1370258613E-03         25.857      1      7      1     10      1         65
   5.20      7    6.4517920844E-07    4.1663433347E-06    1.1359394424E-03         25.561      1      7      1     10      1         66
   5.20      8    6.3712217732E-07    3.3680150856E-06    1.1288243241E-03         25.662      1      7      1     10      1         67
   5.20      9    6.3358049267E-07    3.9136248846E-06    1.1256824532E-03         17.137      1      7      1     10      1         68
   5.20     10    6.3218921652E-07    2.9057671007E-06    1.1244458338E-03         25.515      1      7      1     10      1         69
   5.65      1    7.5060723850E-07    7.1817216159E-06    1.2252405792E-03         16.498      1      8      1     10      1         70
   5.65      2    7.3042981224E-07    6.0886620401E-06    1.2086602602E-03         29.854      1      8      1     10      1         71
   5.65      3    7.2095529797E-07    5.3936115804E-06    1.2007958178E-03         29.851      1      8      1     10      1         72
   5.65      4    7.1169020758E-07    4.7722994971E-06    1.1930550763E-03         29.750      1      8      1     10      1         73
   5.65      5    7.0100443632E-07    4.1744942050E-06    1.1840645559E-03         29.700      1      8      1     10      1         74
   5.65      6    6.9342363599E-07    3.8096018611E-06    1.1776447987E-03         49.509      1      8      1     10      1         75
   5.65      7    6.9027969323E-07    3.1249810207E-06    1.1749720790E-03         29.865      1      8      1     10      1         76
   6.20      1    8.7245148867E-07    1.0690478587E-05    1.3209477572E-03         16.497      1      9      1     10      1         78
   6.20      2    8.6396054584E-07    1.1665442965E-05    1.3145041239E-03         29.969      1      9      1     10      1         79
   6.20      3    8.5477373877E-07    1.0739915624E-05    1.3074966453E-03         29.835      1      9      1     10      1         80
   6.20      4    8.4787637823E-07    9.8792582187E-06    1.3022107189E-03         29.791      1      9      1     10      1         81
   6.20      5    8.4215927790E-07    9.0700838652E-06    1.2978129895E-03         29.743      1      9      1     10      1         82
   6.20      6    8.3698995990E-07    8.2973680577E-06    1.2938237592E-03         29.925      1      9      1     10      1         83
   6.20      7    8.3202602049E-07    6.3373221354E-06    1.2899814111E-03         29.917      1      9      1     10      1         84
   6.20      8    8.2589297886E-07    4.7387276133E-06    1.2852182530E-03         29.712      1      9      1     10      1         85
   6.20      9    8.2069655083E-07    3.5608975722E-06    1.2811686468E-03         30.004      1      9      1     10      1         86
   6.20     10    8.1431383023E-07    1.1842506992E-05    1.2761769707E-03         19.927      1      9      1     10      1         87
   6.80      1    9.3606909196E-07    1.3653805891E-05    1.3682610072E-03         21.758      1     10      1     10      1         88
   6.80      2    9.1090352055E-07    7.7404483718E-06    1.3497433242E-03         34.839      1     10      1     10      1         89
   6.80      3    9.0558815865E-07    6.6571240217E-06    1.3457995086E-03         34.930      1     10      1     10      1         90
   6.80      4    9.0090437270E-07    5.7725087474E-06    1.3423146969E-03         34.984      1     10      1     10      1         91
   6.80      5    8.9699691376E-07    4.7335507426E-06    1.3394005478E-03         58.042      1     10      1     10      1         92
   6.80      6    8.9320648019E-07    4.0575215940E-06    1.3365676041E-03         81.002      1     10      1     10      1         93
   6.80      7    8.9134874357E-07    3.8551150612E-06    1.3351769497E-03         34.829      1     10      1     10      1         94
