   3.05      1    4.6691923964E-06    1.3220410247E-04    3.0558770906E-03         13.592      1      1      1      7      1          1
   3.30      1    2.7110454530E-06    6.4928214480E-05    2.3285383626E-03         17.262      1      2      1      7      1          3
   5.65      1    3.6384251252E-06    9.5557097468E-05    2.6975637621E-03         15.574      1      8      1      7      1         10
   6.20      1    3.5423221880E-06    2.1375563247E-04    2.6616995278E-03         19.633      1      9      1      7      1         12
   6.80      1    3.2147535207E-06    7.4992242912E-05    2.5356472628E-03         18.236      1     10      1      7      1         14
   6.80      2    3.1453330502E-06    1.8786607329E-04    2.5081200331E-03         32.785      1     10      1      7      1         15
   6.80      3    3.0529863160E-06    1.5738903850E-04    2.4710266352E-03         32.888      1     10      1      7      1         16
   6.80      4    2.8692154850E-06    1.3219955409E-04    2.3955022375E-03         33.026      1     10      1      7      1         17
   7.40      1    2.6912169676E-06    1.5842665595E-04    2.3200073136E-03         26.043      1     11      1      7      1         19
   7.40      2    2.6657121613E-06    4.4563439961E-05    2.3089877268E-03         37.197      1     11      1      7      1         20
   7.40      3    2.4830457276E-06    4.0037706070E-05    2.2284728976E-03         37.111      1     11      1      7      1         21
   7.40      4    2.4287572490E-06    3.3477541045E-05    2.2039769731E-03         61.897      1     11      1      7      1         22
   8.10      1    2.7681391890E-06    7.8557724110E-05    2.3529297435E-03         23.472      1     12      1      7      1         24
   8.10      2    2.6725924816E-06    9.7793118754E-05    2.3119656060E-03         37.140      1     12      1      7      1         25
   8.10      3    2.6485122957E-06    8.7861655302E-05    2.3015265785E-03         37.394      1     12      1      7      1         26
   8.10      4    2.6105540001E-06    7.6403044400E-05    2.2849743982E-03         37.397      1     12      1      7      1         27
   8.10      5    2.5698531697E-06    6.1851968625E-05    2.2670920448E-03         61.463      1     12      1      7      1         28
   8.85      1    2.6146342468E-06    8.8993308336E-05    2.2867593869E-03         29.398      1     13      1      7      1         30
   8.85      2    2.5214366483E-06    4.0408138391E-05    2.2456342749E-03         42.148      1     13      1      7      1         31
   8.85      3    2.2452281189E-06    3.0179748934E-05    2.1190696633E-03         42.030      1     13      1      7      1         32
   8.85      4    2.1515328516E-06    2.4885120131E-05    2.0743832103E-03         42.237      1     13      1      7      1         33
   8.85      5    2.1177742203E-06    2.5796138384E-05    2.0580448101E-03         42.204      1     13      1      7      1         34
   8.85      6    2.0947657540E-06    2.7819372342E-05    2.0468345092E-03         41.950      1     13      1      7      1         35
   8.85      7    2.0800684384E-06    2.7070598936E-05    2.0396413598E-03         70.258      1     13      1      7      1         36
   9.00      1    2.1548305238E-06    3.4149239836E-05    2.0759723138E-03         23.336      1     14      1      7      1         37
   9.00      2    2.0816560760E-06    6.8263829392E-05    2.0404196020E-03         42.184      1     14      1      7      1         38
   9.00      3    2.0468868857E-06    5.7852042008E-05    2.0233076314E-03         42.055      1     14      1      7      1         39
   9.00      4    1.9944204353E-06    4.9558263702E-05    1.9972082692E-03         42.199      1     14      1      7      1         40
   9.00      5    1.9832345881E-06    4.2832189823E-05    1.9915996526E-03         41.963      1     14      1      7      1         41
   9.00      6    1.9781049516E-06    3.7602488647E-05    1.9890223486E-03         42.093      1     14      1      7      1         42
