   3.05      1    1.8203378649E-01    2.0930516222E-02    6.0338012313E-01         11.994      1      1      1      4      1          1
   3.05      2    5.8976798889E-02    4.4649795440E-03    3.4344373306E-01         32.660      1      1      1      4      1          2
   3.05      3    5.1420745760E-02    4.3435792890E-03    3.2068908856E-01         24.721      1      1      1      4      1          3
   3.05      4    4.5732770353E-02    3.9764100519E-03    3.0243270442E-01         40.810      1      1      1      4      1          4
   3.05      5    4.0740736592E-02    3.5471350214E-03    2.8544959832E-01         57.330      1      1      1      4      1          5
   3.05      6    3.0191321673E-02    3.2959882238E-03    2.4572880040E-01         40.842      1      1      1      4      1          6
   3.05      7    2.9015882201E-02    2.7191534843E-03    2.4089782980E-01         24.671      1      1      1      4      1          7
   3.30      1    3.1637160812E-02    2.9718884836E-03    2.5154387614E-01         13.785      1      2      1      4      1          8
   3.30      2    2.7164611141E-02    3.2739430957E-03    2.3308629793E-01         24.712      1      2      1      4      1          9
   3.30      3    2.5217303103E-02    3.3327253035E-03    2.2457650413E-01         24.670      1      2      1      4      1         10
   3.30      4    2.0915582348E-02    3.0690399304E-03    2.0452668456E-01         24.623      1      2      1      4      1         11
   3.30      5    1.9869507277E-02    2.8370466559E-03    1.9934646863E-01         24.561      1      2      1      4      1         12
   3.30      6    1.8549516065E-02    2.6361805535E-03    1.9261109036E-01         24.676      1      2      1      4      1         13
   3.30      7    1.8266328037E-02    2.1807535079E-03    1.9113517749E-01         24.548      1      2      1      4      1         14
   3.65      1    2.5179504033E-02    2.5498674631E-03    2.2440812834E-01         15.629      1      3      1      4      1         15
   3.65      2    2.3754480759E-02    2.8747181029E-03    2.1796550534E-01         24.691      1      3      1      4      1         16
   3.65      3    2.2299063365E-02    2.5039226615E-03    2.1118268568E-01         24.514      1      3      1      4      1         17
   3.65      4    2.1167306516E-02    2.1928419536E-03    2.0575376797E-01         24.674      1      3      1      4      1         18
   3.65      5    2.0177935264E-02    2.1190125295E-03    2.0088770626E-01         24.613      1      3      1      4      1         19
   3.65      6    1.9621895116E-02    1.6801851570E-03    1.9810045490E-01         24.644      1      3      1      4      1         20
   3.65      7    1.9473540652E-02    6.1529277638E-04    1.9735014898E-01         24.630      1      3      1      4      1         21
   3.95      1    2.5279861431E-02    2.8959494626E-03    2.2485489290E-01         15.608      1      4      1      4      1         22
   3.95      2    2.4382460608E-02    3.1328308412E-03    2.2082780897E-01         24.542      1      4      1      4      1         23
   3.95      3    2.3316207747E-02    2.6711307334E-03    2.1594539933E-01         24.753      1      4      1      4      1         24
   3.95      4    2.2325149493E-02    2.4499273922E-03    2.1130617356E-01         24.689      1      4      1      4      1         25
   3.95      5    2.1359634116E-02    2.1644417576E-03    2.0668640069E-01         24.428      1      4      1      4      1         26
   3.95      6    2.0795860106E-02    1.8297968387E-03    2.0394048203E-01         24.661      1      4      1      4      1         27
   3.95      7    2.0389101198E-02    9.8039181689E-04    2.0193613445E-01         24.522      1      4      1      4      1         28
   4.35      1    2.5960406891E-02    2.5587224075E-03    2.2786139160E-01         15.580      1      5      1      4      1         29
   4.35      2    2.4304370542E-02    3.3761831030E-03    2.2047390114E-01         24.684      1      5      1      4      1         30
   4.35      3    2.2447138530E-02    3.2070991088E-03    2.1188269646E-01         24.757      1      5      1      4      1         31
   4.35      4    2.1725827052E-02    2.7949013239E-03    2.0845060351E-01         24.602      1      5      1      4      1         32
   4.35      5    2.0103959950E-02    2.5619615690E-03    2.0051912602E-01         40.795      1      5      1      4      1         33
   4.35      6    1.8590701657E-02    2.2481378789E-03    1.9282479953E-01         24.711      1      5      1      4      1         34
   4.35      7    1.7964286289E-02    1.4708613117E-03    1.8954833837E-01         24.729      1      5      1      4      1         35
   4.75      1    2.4492675012E-02    4.5838132498E-03    2.2132634282E-01         15.615      1      6      1      4      1         36
   4.75      2    2.4055761214E-02    5.1060901919E-03    2.1934338929E-01         24.510      1      6      1      4      1         37
   4.75      3    2.2943694056E-02    4.4116487680E-03    2.1421341721E-01         24.682      1      6      1      4      1         38
   4.75      4    2.1857649861E-02    3.8139777461E-03    2.0908204065E-01         24.633      1      6      1      4      1         39
   4.75      5    2.0654194838E-02    3.5049748069E-03    2.0324465473E-01         24.624      1      6      1      4      1         40
   4.75      6    2.0053985113E-02    3.0249827834E-03    2.0026974366E-01         24.592      1      6      1      4      1         41
   4.75      7    1.8974188815E-02    1.8408064293E-03    1.9480343331E-01         24.509      1      6      1      4      1         42
   5.20      1    2.7531037875E-02    4.6329721674E-03    2.3465309661E-01         15.581      1      7      1      4      1         43
   5.20      2    2.5722632186E-02    3.5229989139E-03    2.2681548530E-01         24.668      1      7      1      4      1         44
   5.20      3    2.5025123720E-02    3.1046274112E-03    2.2371912623E-01         24.577      1      7      1      4      1         45
   5.20      4    2.4018931195E-02    2.8070339797E-03    2.1917541466E-01         24.644      1      7      1      4      1         46
   5.20      5    2.3243866757E-02    2.4485629452E-03    2.1561014242E-01         24.664      1      7      1      4      1         47
   5.20      6    2.2788944835E-02    2.4377283241E-03    2.1348978821E-01         24.594      1      7      1      4      1         48
   5.20      7    2.1873055266E-02    1.8629277515E-03    2.0915570882E-01         24.590      1      7      1      4      1         49
   5.65      1    2.7406213455E-02    2.2774683063E-03    2.3412053927E-01         18.226      1      8      1      4      1         50
   5.65      2    2.6473123773E-02    2.4453809740E-03    2.3010051618E-01         29.095      1      8      1      4      1         51
   5.65      3    2.5808231465E-02    2.1412428251E-03    2.2719256795E-01         28.996      1      8      1      4      1         52
   5.65      4    2.5333330083E-02    1.8972457807E-03    2.2509255911E-01         29.110      1      8      1      4      1         53
   5.65      5    2.4773910093E-02    1.7980944415E-03    2.2259339655E-01         29.157      1      8      1      4      1         54
   5.65      6    2.4285040997E-02    1.5830867400E-03    2.2038621099E-01         29.090      1      8      1      4      1         55
   5.65      7    2.4055894201E-02    9.4906111785E-04    2.1934399559E-01         28.991      1      8      1      4      1         56
   6.20      1    2.5677673957E-02    3.8604547868E-03    2.2661718363E-01         18.087      1      9      1      4      1         57
   6.20      2    2.4805288306E-02    2.4903770922E-03    2.2273431844E-01         29.173      1      9      1      4      1         58
   6.20      3    2.4173327488E-02    2.0375595068E-03    2.1987872788E-01         29.002      1      9      1      4      1         59
   6.20      4    2.3657980357E-02    1.6323391801E-03    2.1752232233E-01         28.964      1      9      1      4      1         60
   6.20      5    2.3291684519E-02    1.4191362132E-03    2.1583180729E-01         29.137      1      9      1      4      1         61
   6.20      6    2.3137309195E-02    1.3694239685E-03    2.1511536066E-01         28.955      1      9      1      4      1         62
   6.20      7    2.2883689055E-02    1.1310513499E-03    2.1393311597E-01         29.084      1      9      1      4      1         63
   6.80      1    2.5564927870E-02    3.4375579764E-03    2.2611911847E-01         23.449      1     10      1      4      1         64
   6.80      2    2.4860192935E-02    1.4493803927E-03    2.2298068497E-01         33.637      1     10      1      4      1         65
   6.80      3    2.4332897059E-02    1.2458473356E-03    2.2060325047E-01         33.574      1     10      1      4      1         66
   6.80      4    2.3597203703E-02    1.1622663674E-03    2.1724273844E-01         33.432      1     10      1      4      1         67
   6.80      5    2.3177635360E-02    1.0474643800E-03    2.1530274202E-01         33.439      1     10      1      4      1         68
   6.80      6    2.2706140678E-02    9.0529060000E-04    2.1310157521E-01         33.500      1     10      1      4      1         69
   6.80      7    2.2612356822E-02    9.3019252163E-04    2.1266102992E-01         33.397      1     10      1      4      1         70
   7.40      1    2.9965162059E-02    3.5544835261E-03    2.4480670767E-01         24.026      1     11      1      4      1         71
   7.40      2    2.9128912285E-02    2.3989759051E-03    2.4136657716E-01         38.084      1     11      1      4      1         72
   7.40      3    2.8733322925E-02    2.2088773673E-03    2.3972201787E-01         38.597      1     11      1      4      1         73
   7.40      4    2.8509260169E-02    1.9860547056E-03    2.3878551116E-01         38.594      1     11      1      4      1         74
   7.40      5    2.8108879209E-02    1.3682034445E-03    2.3710284355E-01         38.399      1     11      1      4      1         75
   7.40      6    2.8017597447E-02    1.2522216350E-03    2.3671754243E-01         38.784      1     11      1      4      1         76
   7.40      7    2.7927768493E-02    1.0482890873E-03    2.3633776039E-01         38.403      1     11      1      4      1         77
   8.10      1    3.1476935626E-02    3.3019515789E-03    2.5090610047E-01         23.971      1     12      1      4      1         78
   8.10      2    3.0536600019E-02    2.0597126221E-03    2.4712992542E-01         38.595      1     12      1      4      1         79
   8.10      3    2.9909144778E-02    1.7673178946E-03    2.4457777813E-01         38.435      1     12      1      4      1         80
   8.10      4    2.9483538155E-02    1.6384063686E-03    2.4283137423E-01         38.433      1     12      1      4      1         81
   8.10      5    2.8960740919E-02    1.3914823702E-03    2.4066882191E-01         38.553      1     12      1      4      1         82
   8.10      6    2.8593421594E-02    1.2372493928E-03    2.3913770758E-01         38.362      1     12      1      4      1         83
   8.10      7    2.8416391144E-02    1.0051460465E-03    2.3839627155E-01         38.536      1     12      1      4      1         84
   8.85      1    2.7887233493E-02    3.4559671472E-03    2.3616618510E-01         30.108      1     13      1      4      1         85
   8.85      2    2.7416369276E-02    1.4230516685E-03    2.3416391385E-01         43.396      1     13      1      4      1         86
   8.85      3    2.7071900945E-02    1.3491225376E-03    2.3268820746E-01         43.509      1     13      1      4      1         87
   8.85      4    2.6748857440E-02    1.2882695509E-03    2.3129573036E-01         43.353      1     13      1      4      1         88
   8.85      5    2.6599854246E-02    1.2137005603E-03    2.3065061997E-01         43.528      1     13      1      4      1         89
   9.00      1    2.7521963728E-02    1.9820104435E-03    2.3461442295E-01         30.123      1     14      1      4      1         91
