   3.05      1    2.2548942290E-08    1.0347014904E-05    2.1236262520E-04         18.149      1      1      1      8      1          1
   3.05      2    1.5643081263E-08    9.7816460299E-06    1.7687894879E-04         25.266      1      1      1      8      1          2
   3.05      3    1.3255962242E-08    9.2338250276E-06    1.6282482761E-04         25.570      1      1      1      8      1          3
   3.05      4    1.0744443342E-08    7.5072249565E-06    1.4659088199E-04         25.347      1      1      1      8      1          4
   3.05      5    6.9447092438E-09    7.0183732865E-06    1.1785337707E-04         25.527      1      1      1      8      1          5
   3.05      6    5.8809240244E-09    6.4070703207E-06    1.0845205415E-04         25.142      1      1      1      8      1          6
   3.05      7    5.3243664494E-09    3.1949383304E-06    1.0319269789E-04         25.177      1      1      1      8      1          7
   3.30      1    4.3826851654E-09    4.2634964376E-06    9.3623556495E-05         20.021      1      2      1      8      1          8
   3.30      2    3.2769346588E-09    7.3238723050E-07    8.0955971476E-05         25.266      1      2      1      8      1          9
   3.30      3    3.1524773865E-09    5.8252269817E-07    7.9403745333E-05         25.421      1      2      1      8      1         10
   3.30      4    3.0109911983E-09    4.6525436293E-07    7.7601432954E-05         25.326      1      2      1      8      1         11
   3.30      5    2.6301226245E-09    5.0913814252E-07    7.2527548208E-05         25.316      1      2      1      8      1         12
   3.30      6    2.3543994352E-09    3.8304577298E-07    6.8620688355E-05         25.231      1      2      1      8      1         13
   3.30      7    2.3074579853E-09    3.7893728407E-07    6.7933172829E-05         25.309      1      2      1      8      1         14
   3.65      1    3.1377692834E-09    1.1273396321E-06    7.9218296919E-05         16.195      1      3      1      8      1         15
   3.65      2    3.0056457343E-09    1.4072483022E-06    7.7532518782E-05         25.190      1      3      1      8      1         16
   3.65      3    2.7823220131E-09    8.0323059989E-07    7.4596541651E-05         25.209      1      3      1      8      1         17
   3.65      4    2.6882150431E-09    4.6353080465E-07    7.3324143951E-05         25.245      1      3      1      8      1         18
   3.65      5    2.6336152253E-09    5.2132374225E-07    7.2575687738E-05         25.314      1      3      1      8      1         19
   3.65      6    2.5103409488E-09    3.6245031978E-07    7.0856770302E-05         25.391      1      3      1      8      1         20
   3.65      7    2.4581343374E-09    5.4146381213E-07    7.0116108526E-05         25.308      1      3      1      8      1         21
   3.95      1    2.6486906413E-09    8.1423605685E-07    7.2783111246E-05         14.407      1      4      1      8      1         22
   3.95      2    2.6341625939E-09    1.0463937284E-06    7.2583229384E-05         25.546      1      4      1      8      1         23
   3.95      3    2.4522789964E-09    5.8133978631E-07    7.0032549523E-05         25.369      1      4      1      8      1         24
   3.95      4    2.3551275800E-09    3.7889324504E-07    6.8631298691E-05         25.372      1      4      1      8      1         25
   3.95      5    2.2648033453E-09    4.5382721404E-07    6.7302352786E-05         25.277      1      4      1      8      1         26
   3.95      6    2.1511306147E-09    3.2658808311E-07    6.5591624690E-05         25.290      1      4      1      8      1         27
   3.95      7    2.1317386958E-09    3.4282917030E-07    6.5295309109E-05         41.652      1      4      1      8      1         28
   4.35      1    2.7568620539E-09    8.3222561516E-07    7.4254455137E-05         16.405      1      5      1      8      1         29
   4.35      2    2.6303657913E-09    8.4975751859E-07    7.2530900880E-05         25.329      1      5      1      8      1         30
   4.35      3    2.5832805854E-09    5.9809374384E-07    7.1878795001E-05         25.307      1      5      1      8      1         31
   4.35      4    2.5672941933E-09    4.5195429257E-07    7.1656042220E-05         25.361      1      5      1      8      1         32
   4.75      1    3.3326174257E-09    1.3322557619E-06    8.1640889580E-05         18.311      1      6      1      8      1         34
   4.75      2    3.2955954996E-09    5.7718311126E-07    8.1186150291E-05         25.479      1      6      1      8      1         35
   4.75      3    3.2246283692E-09    3.9051743991E-07    8.0307264543E-05         25.654      1      6      1      8      1         36
   4.75      4    3.1655551030E-09    3.5986590153E-07    7.9568273866E-05         25.434      1      6      1      8      1         37
   4.75      5    3.1260465778E-09    3.7438416661E-07    7.9070178674E-05         25.242      1      6      1      8      1         38
   5.20      1    4.4091069764E-09    9.6123089614E-07    9.3905345709E-05         16.181      1      7      1      8      1         40
   5.20      2    4.2632953418E-09    8.5679028025E-07    9.2339540196E-05         25.340      1      7      1      8      1         41
   5.20      3    4.2204328469E-09    6.5003495639E-07    9.1874184044E-05         25.183      1      7      1      8      1         42
   5.20      4    4.1925274049E-09    5.0366312645E-07    9.1569944904E-05         25.245      1      7      1      8      1         43
   5.20      5    4.1710304169E-09    4.1091946877E-07    9.1334882897E-05         25.254      1      7      1      8      1         44
   5.20      6    4.1472504320E-09    3.8936257062E-07    9.1074150361E-05         25.362      1      7      1      8      1         45
   5.20      7    4.1095651689E-09    3.9516693937E-07    9.0659419466E-05         25.189      1      7      1      8      1         46
   5.65      1    4.2007899634E-09    7.5083588063E-07    9.1660132701E-05         16.556      1      8      1      8      1         47
   5.65      2    4.1980774551E-09    1.0280628160E-06    9.1630534814E-05         29.541      1      8      1      8      1         48
   5.65      3    4.1001305822E-09    5.9066633547E-07    9.0555293409E-05         29.506      1      8      1      8      1         49
   5.65      4    4.0400665944E-09    3.6036462731E-07    8.9889561067E-05         29.566      1      8      1      8      1         50
   6.20      1    4.8177979368E-09    1.7067585746E-06    9.8161071070E-05         18.587      1      9      1      8      1         52
   6.20      2    4.6589150454E-09    1.2633309418E-06    9.6528908058E-05         29.604      1      9      1      8      1         53
   6.20      3    4.6309687598E-09    7.9027235828E-07    9.6238960507E-05         29.538      1      9      1      8      1         54
   6.20      4    4.6217562792E-09    5.2735140356E-07    9.6143187790E-05         29.567      1      9      1      8      1         55
   6.20      5    4.6140373772E-09    4.7187512189E-07    9.6062868760E-05         29.289      1      9      1      8      1         56
   6.20      6    4.5873701851E-09    4.3135904656E-07    9.5784865037E-05         49.099      1      9      1      8      1         57
   6.20      7    4.5820980459E-09    3.9857543098E-07    9.5729807750E-05         29.611      1      9      1      8      1         58
   6.80      1    4.4555784522E-09    1.7797906647E-06    9.4398924276E-05         21.589      1     10      1      8      1         59
   6.80      2    4.2999617970E-09    1.0691669161E-06    9.2735773000E-05         34.512      1     10      1      8      1         60
   6.80      3    4.2599568907E-09    6.8988271833E-07    9.2303379036E-05         34.274      1     10      1      8      1         61
   6.80      4    4.2426273730E-09    4.8192060364E-07    9.2115442495E-05         34.331      1     10      1      8      1         62
   6.80      5    4.2289835922E-09    5.1993410416E-07    9.1967207115E-05         34.402      1     10      1      8      1         63
   6.80      6    4.1731374781E-09    3.8021558891E-07    9.1357949606E-05         34.321      1     10      1      8      1         64
   6.80      7    4.1358481854E-09    5.2267791978E-07    9.0948866793E-05         34.668      1     10      1      8      1         65
   7.40      1    4.3925518406E-09    1.4570163125E-06    9.3728883921E-05         27.568      1     11      1      8      1         66
   7.40      2    4.3404252744E-09    6.0518484869E-07    9.3171082149E-05         39.457      1     11      1      8      1         67
   7.40      3    4.3224220164E-09    5.0989880062E-07    9.2977653406E-05         39.385      1     11      1      8      1         68
   7.40      4    4.2811409873E-09    7.9005692602E-07    9.2532599524E-05         39.434      1     11      1      8      1         69
   7.40      5    4.1918017960E-09    5.1466454489E-07    9.1562020467E-05         39.422      1     11      1      8      1         70
   7.40      6    4.1873736201E-09    3.7938526572E-07    9.1513645104E-05         39.250      1     11      1      8      1         71
   8.10      1    4.8856863199E-09    1.1107049789E-06    9.8850253616E-05         24.673      1     12      1      8      1         72
   8.10      2    4.7873489547E-09    7.3387278301E-07    9.7850385331E-05         39.482      1     12      1      8      1         73
   8.10      3    4.7578788162E-09    5.4281287761E-07    9.7548744905E-05         39.847      1     12      1      8      1         74
   8.10      4    4.7289697037E-09    5.3989727650E-07    9.7251937808E-05         39.229      1     12      1      8      1         75
   8.10      5    4.6610973721E-09    4.2361221118E-07    9.6551513422E-05         39.417      1     12      1      8      1         76
   8.10      6    4.6417767294E-09    1.0494728528E-06    9.6351198533E-05         26.648      1     12      1      8      1         77
   8.10      7    4.5515380719E-09    5.8702987525E-07    9.5410042154E-05         39.426      1     12      1      8      1         78
   8.85      1    4.6940588809E-09    1.8832067097E-06    9.6892299807E-05         27.915      1     13      1      8      1         79
   8.85      2    4.6858671540E-09    1.6485945564E-06    9.6807718226E-05         44.500      1     13      1      8      1         80
   8.85      3    4.5948367990E-09    1.0509543464E-06    9.5862785261E-05         44.712      1     13      1      8      1         81
   8.85      4    4.5390443897E-09    6.4440351602E-07    9.5279004924E-05         44.566      1     13      1      8      1         82
   8.85      5    4.4933371813E-09    1.2014056710E-06    9.4798071514E-05         44.752      1     13      1      8      1         83
   8.85      6    4.3485680413E-09    7.9324439605E-07    9.3258437058E-05         44.282      1     13      1      8      1         84
   8.85      7    4.3380456168E-09    5.3325846846E-07    9.3145537916E-05         44.425      1     13      1      8      1         85
   9.00      1    4.4307702801E-09    1.2211278337E-06    9.4135756014E-05         24.637      1     14      1      8      1         86
   9.00      2    4.3613725083E-09    1.6504913042E-06    9.3395637032E-05         44.554      1     14      1      8      1         87
   9.00      3    4.2976088358E-09    1.0288226082E-06    9.2710396783E-05         44.310      1     14      1      8      1         88
   9.00      4    4.2619149878E-09    5.7004455194E-07    9.2324590308E-05         44.672      1     14      1      8      1         89
   9.00      5    4.2372558416E-09    4.1642396353E-07    9.2057110987E-05         44.647      1     14      1      8      1         90
   9.00      6    4.2111330259E-09    4.6795046393E-07    9.1772904780E-05         44.432      1     14      1      8      1         91
   9.00      7    4.1901831154E-09    6.7131200182E-07    9.1544340245E-05         44.601      1     14      1      8      1         92
