   3.05      1    5.3932029268E-02    3.4397644411E-02    3.2842664103E-01          9.692      1      1      1      5      1          1
   3.05      2    2.5576051837E-02    2.0642790432E-02    2.2616830829E-01         24.061      1      1      1      5      1          2
   3.05      3    2.3354218698E-02    1.9267626018E-02    2.1612134877E-01         24.087      1      1      1      5      1          3
   3.05      4    1.9457656959E-02    1.6686709158E-02    1.9726964774E-01         47.815      1      1      1      5      1          4
   3.05      5    1.3845336077E-02    1.4363451327E-02    1.6640514461E-01         47.916      1      1      1      5      1          5
   3.05      6    1.1483572607E-02    1.3842612131E-02    1.5154915115E-01         29.931      1      1      1      5      1          6
   3.05      7    1.1043435148E-02    1.3927100551E-02    1.4861652094E-01         30.056      1      1      1      5      1          7
   3.30      1    1.7091109258E-02    1.3897064316E-02    1.8488433821E-01         11.525      1      2      1      5      1          8
   3.30      2    1.2950798606E-02    6.5703710373E-03    1.6093973162E-01         24.045      1      2      1      5      1          9
   3.30      3    1.0882239424E-02    4.4284727126E-03    1.4752789176E-01         29.875      1      2      1      5      1         10
   3.30      4    8.5990250772E-03    4.8857591350E-03    1.3114133656E-01         24.039      1      2      1      5      1         11
   3.30      5    7.4317553128E-03    4.7245178563E-03    1.2191599823E-01         23.987      1      2      1      5      1         12
   3.30      6    6.3502932645E-03    4.5648717765E-03    1.1269687897E-01         24.197      1      2      1      5      1         13
   3.30      7    5.9473798261E-03    3.0403365572E-03    1.0906309941E-01         30.021      1      2      1      5      1         14
   3.65      1    1.1834475281E-02    5.1707510207E-03    1.5384716625E-01          9.702      1      3      1      5      1         15
   3.65      2    9.9664857249E-03    6.6707345104E-03    1.4118417564E-01         24.040      1      3      1      5      1         16
   3.65      3    8.2687442517E-03    3.6199843310E-03    1.2859816680E-01         30.020      1      3      1      5      1         17
   3.65      4    7.0662459268E-03    2.9988009316E-03    1.1888015753E-01         18.101      1      3      1      5      1         18
   3.65      5    6.7140547825E-03    2.9286663419E-03    1.1587972025E-01         24.066      1      3      1      5      1         19
   3.65      6    5.7296083867E-03    5.9523472672E-03    1.0704773129E-01         18.079      1      3      1      5      1         20
   3.65      7    5.0015888119E-03    2.7191010028E-03    1.0001588686E-01         29.953      1      3      1      5      1         21
   3.95      1    1.0858919214E-02    5.6935143619E-03    1.4736973376E-01         11.502      1      4      1      5      1         22
   3.95      2    8.6307635594E-03    8.3081554490E-03    1.3138313103E-01         29.966      1      4      1      5      1         23
   3.95      3    6.8845801969E-03    7.5384448738E-03    1.1734206575E-01         29.965      1      4      1      5      1         24
   3.95      4    6.2790855073E-03    5.0606121964E-03    1.1206324560E-01         18.005      1      4      1      5      1         25
   3.95      5    5.6888184852E-03    4.3286186679E-03    1.0666600663E-01         17.991      1      4      1      5      1         26
   3.95      6    4.6144146916E-03    2.8314883243E-03    9.6066796466E-02         18.063      1      4      1      5      1         27
   3.95      7    4.2560733591E-03    3.2723918296E-03    9.2261295884E-02         18.032      1      4      1      5      1         28
   4.35      1    1.1221938803E-02    5.2497104632E-03    1.4981280855E-01          9.716      1      5      1      5      1         29
   4.35      2    1.0212592926E-02    5.8724809974E-03    1.4291670949E-01         24.075      1      5      1      5      1         30
   4.35      3    7.6675751178E-03    3.9224067989E-03    1.2383517366E-01         18.098      1      5      1      5      1         31
   4.35      4    6.1634875937E-03    3.4140759608E-03    1.1102691200E-01         24.022      1      5      1      5      1         32
   4.35      5    5.7239282778E-03    5.4010073602E-03    1.0699465667E-01         18.060      1      5      1      5      1         33
   4.35      6    5.1380090772E-03    4.5170786854E-03    1.0137069672E-01         18.087      1      5      1      5      1         34
   4.35      7    4.3801209584E-03    4.4280759851E-03    9.3596164006E-02         18.063      1      5      1      5      1         35
   4.75      1    1.1146995442E-02    7.5912139072E-03    1.4931172386E-01         11.556      1      6      1      5      1         36
   4.75      2    9.1610143300E-03    5.6505686430E-03    1.3535888837E-01         18.084      1      6      1      5      1         37
   4.75      3    7.2781798265E-03    6.9892155683E-03    1.2064973955E-01         23.943      1      6      1      5      1         38
   4.75      4    6.3324289211E-03    4.2685626920E-03    1.1253825057E-01         29.920      1      6      1      5      1         39
   4.75      5    5.3993671796E-03    4.3211144648E-03    1.0391695896E-01         18.050      1      6      1      5      1         40
   4.75      6    4.6288474720E-03    3.0514524011E-03    9.6216916101E-02         18.067      1      6      1      5      1         41
   4.75      7    4.1336647615E-03    2.7721126349E-03    9.0924856464E-02         18.067      1      6      1      5      1         42
   5.20      1    1.1786179438E-02    8.3638617086E-03    1.5353292440E-01         11.510      1      7      1      5      1         43
   5.20      2    1.0322485993E-02    5.1098160079E-03    1.4368358287E-01         17.979      1      7      1      5      1         44
   5.20      3    8.5045393799E-03    3.5118574329E-03    1.3041885891E-01         18.111      1      7      1      5      1         45
   5.20      4    7.4202622802E-03    3.0116221984E-03    1.2182169167E-01         18.115      1      7      1      5      1         46
   5.20      5    6.5349737350E-03    2.7451218753E-03    1.1432387095E-01         18.039      1      7      1      5      1         47
   5.20      6    5.8586327479E-03    2.3037783498E-03    1.0824631862E-01         18.008      1      7      1      5      1         48
   5.20      7    5.5355782484E-03    3.4775870638E-03    1.0521956328E-01         18.110      1      7      1      5      1         49
   5.65      1    8.1614497527E-03    5.0257336706E-03    1.2776110326E-01         13.248      1      8      1      5      1         50
   5.65      2    7.9242426310E-03    8.5847103644E-03    1.2589076718E-01         20.999      1      8      1      5      1         51
   5.65      3    6.9038699993E-03    6.3912353620E-03    1.1750634025E-01         21.011      1      8      1      5      1         52
   5.65      4    6.1218647469E-03    4.5892383588E-03    1.1065138722E-01         21.065      1      8      1      5      1         53
   5.65      5    5.4773067899E-03    2.5244730895E-03    1.0466428990E-01         21.112      1      8      1      5      1         54
   5.65      6    4.8321513450E-03    3.7462270316E-03    9.8307185343E-02         20.997      1      8      1      5      1         55
   5.65      7    4.4383792954E-03    1.7867361790E-03    9.4216551576E-02         21.106      1      8      1      5      1         56
   6.20      1    1.0577561143E-02    6.3425045897E-03    1.4544800544E-01         15.290      1      9      1      5      1         57
   6.20      2    9.4453534957E-03    6.6894374644E-03    1.3744346835E-01         21.093      1      9      1      5      1         58
   6.20      3    7.9311628492E-03    5.3613096411E-03    1.2594572521E-01         20.938      1      9      1      5      1         59
   6.20      4    7.4098426148E-03    3.8809021394E-03    1.2173612952E-01         21.042      1      9      1      5      1         60
   6.20      5    6.7410418406E-03    3.4974674738E-03    1.1611237523E-01         21.086      1      9      1      5      1         61
   6.20      6    6.2641135386E-03    2.8191259515E-03    1.1192956302E-01         21.115      1      9      1      5      1         62
   6.20      7    5.9038652699E-03    1.5822168273E-03    1.0866338178E-01         21.046      1      9      1      5      1         63
   6.80      1    8.4039005137E-03    4.7213365583E-03    1.2964490359E-01         17.777      1     10      1      5      1         64
   6.80      2    7.9287946481E-03    4.1323822962E-03    1.2592692046E-01         24.654      1     10      1      5      1         65
   6.80      3    6.7174344114E-03    3.6606248985E-03    1.1590888155E-01         24.616      1     10      1      5      1         66
   6.80      4    6.1313979236E-03    2.3265757467E-03    1.1073750876E-01         24.523      1     10      1      5      1         67
   6.80      5    5.6224445295E-03    1.9860089134E-03    1.0604192123E-01         24.604      1     10      1      5      1         68
   6.80      6    5.1467414634E-03    2.2990327478E-03    1.0145680326E-01         24.568      1     10      1      5      1         69
   6.80      7    4.9860906190E-03    1.1553289620E-03    9.9860809320E-02         24.522      1     10      1      5      1         70
   7.40      1    7.0616140684E-03    3.3143534127E-03    1.1884118872E-01         17.652      1     11      1      5      1         71
   7.40      2    6.5632626600E-03    4.4223840226E-03    1.1457104922E-01         28.061      1     11      1      5      1         72
   7.40      3    6.0983498554E-03    3.1407453786E-03    1.1043866945E-01         27.975      1     11      1      5      1         73
   7.40      4    5.6604029071E-03    2.0424455489E-03    1.0639927544E-01         28.063      1     11      1      5      1         74
   7.40      5    5.2751980894E-03    2.1913938876E-03    1.0271512147E-01         28.134      1     11      1      5      1         75
   7.40      6    4.9903625814E-03    2.2270846414E-03    9.9903579329E-02         28.021      1     11      1      5      1         76
   7.40      7    4.7673385392E-03    1.0230325771E-03    9.7645671068E-02         27.875      1     11      1      5      1         77
   8.10      1    8.5407357219E-03    4.4039810654E-03    1.3069610340E-01         14.969      1     12      1      5      1         78
   8.10      2    8.3070181814E-03    8.3868188668E-03    1.2889544741E-01         28.273      1     12      1      5      1         79
   8.10      3    7.6220625240E-03    6.0889216798E-03    1.2346710108E-01         27.999      1     12      1      5      1         80
   8.10      4    6.9370788286E-03    6.0511486543E-03    1.1778861429E-01         28.060      1     12      1      5      1         81
   8.10      5    6.3213969833E-03    4.0435101800E-03    1.1244017950E-01         28.049      1     12      1      5      1         82
   8.10      6    5.8840434935E-03    3.5790852336E-03    1.0848081391E-01         28.081      1     12      1      5      1         83
   8.10      7    5.5319996459E-03    1.5227380490E-03    1.0518554697E-01         28.035      1     12      1      5      1         84
   8.85      1    7.9324231527E-03    4.1870642792E-03    1.2595573153E-01         19.736      1     13      1      5      1         85
   8.85      2    7.4224857363E-03    3.9484428062E-03    1.2183994202E-01         32.135      1     13      1      5      1         86
   8.85      3    6.9170915222E-03    4.0210686919E-03    1.1761880396E-01         31.639      1     13      1      5      1         87
   8.85      4    6.2638218006E-03    3.3578917638E-03    1.1192695654E-01         31.559      1     13      1      5      1         88
   8.85      5    5.9364802748E-03    2.2512894844E-03    1.0896311555E-01         31.428      1     13      1      5      1         89
   8.85      6    5.5603482348E-03    2.8982313689E-03    1.0545471288E-01         31.494      1     13      1      5      1         90
   8.85      7    5.2554651651E-03    2.1838719812E-03    1.0252282834E-01         31.609      1     13      1      5      1         91
   9.00      1    5.8676465911E-03    3.2244969447E-03    1.0832955821E-01         19.628      1     14      1      5      1         92
   9.00      2    5.4733662326E-03    2.7229114508E-03    1.0462663363E-01         31.766      1     14      1      5      1         93
   9.00      3    5.2462997348E-03    1.9723639793E-03    1.0243339040E-01         31.487      1     14      1      5      1         94
   9.00      4    4.9513122159E-03    2.2346197631E-03    9.9511931103E-02         31.548      1     14      1      5      1         95
   9.00      5    4.6194776928E-03    2.0804717818E-03    9.6119484943E-02         31.451      1     14      1      5      1         96
   9.00      6    4.4202070351E-03    2.3153083761E-03    9.4023476166E-02         31.491      1     14      1      5      1         97
   9.00      7    4.2535658591E-03    7.8947218600E-04    9.2234113636E-02         31.564      1     14      1      5      1         98
